399
396
396
395
396
397
393
396
396
396
395
397
398
393
397
397
395
396
396
397
400
395
396
396
398
398
398
396
390
404
406
398
355
189
182
178
177
175
177
188
294
333
365
392
369
427
454
410
401
400
414
424
437
444
450
453
451
423
451
439
394
400
377
369
366
362
365
365
369
381
399
406
408
409
411
407
402
395
390
386
378
375
373
367
369
362
359
354
355
342
344
346
337
327
326
321
316
313
311
307
304
300
293
292
230
212
211
202
268
262
256
253
244
241
242
238
233
230
224
230
227
213
209
210
203
201
206
202
185
122
111
108
102
99
93
88
85
82
78
76
70
65
61
94
146
143
140
135
131
126
121
118
114
110
107
104
103
100
99
99
99
99
99
99
99
99
99
100
99
99
99
99
100
100
99
100
99
99
99
99
100
99
99
100
99
99
99
99
100
99
99