204
204
204
204
204
205
204
204
204
204
204
204
204
204
204
204
204
204
204
204
204
204
204
205
203
204
204
204
204
204
204
204
204
204
204
205
204
204
204
205
204
204
204
205
204
205
204
202
1
196
199
198
197
198
199
192
198
197
194
188
186
190
189
191
186
185
183
183
181
179
177
177
175
174
169
169
166
164
163
164
163
161
161
158
157
155
152
149
147
143
144
139
135
137
136
133
132
129
127
123
121
116
121
114
108
111
109
106
104
101
98
99
97
94
93
91
87
85
82
79
258
258
256
253
252
249
248
244
241
238
237
236
233
229
227
225
221
220
214
211
210
205
202
199
197
194
194
190
189
187
187
184
182
180
180
177
174
173
170
167
162
158
158
155
152
149
145
142
141
137
136
132
130
125
120
117
117
114
110
109
104
102
102
99
94
91
89
88
321
320
170