352
350
352
350
352
351
352
354
352
349
348
351
352
353
351
350
352
351
352
355
354
355
352
350
349
352
352
353
354
353
354
352
354
351
349
343
357
351
345
330
210
208
202
201
198
197
199
202
224
345
344
349
348
352
328
324
322
316
312
309
304
301
305
291
295
239
205
204
203
200
203
209
297
302
295
280
279
273
272
270
266
265
262
263
260
261
258
257
250
246
242
241
240
238
235
230
231
233
246
286
282
280
279
281
121
115
114
110
108
107
105
102
100
98
98
96
94
90
87
85
298
318
314
311
307
304
303
297
296
294
289
285
280
277
271
266
262
257
255
254
250
245
253
240
235
190
131
125
119
114
108
110
112
97
96
93
91
179
176
169
166
163
160
156
151
147
141
139
136
131
125
121
117
114
113
107
104
103
98
95
92
91
90
89
88
88
87
87
88
88
87
